1   15   3   39   28   42   37   31   27   19   37   38   2   42   3   21   12   38   39   17   24   40   5   45   45   6   42   10   27   16   15   41   50   23   30   5   29   43   41   49   31   47   14   36   14   33   4   27   17   34   3   24   2   21   39   41   12   15   30   38   24   24   45   8   40   24   9   18   50   13   32   33   50   41   46   9   38   37   49   25   3   27   16   16   41   31   4   38   16   30   37   49   12   29   9   48   46   7   12   33   
27   45   48   12   49   4   43   28   47   25   6   36   40   24   42   22   8   27   44   4   42   36   34   6   36   17   46   24   26   47   18   33   29   49   18   11   34   7   30   30   6   34   15   30   32   49   18   49   30   48   30   37   38   45   13   27   23   44   22   5   45   7   25   20   13   13   12   3   46   19   16   26   24   42   24   11   4   18   18   29   28   10   14   19   34   41   13   47   45   9   44   32   27   49   32   27   39   45   35   50   
35   37   21   2   11   21   46   48   37   4   38   42   20   18   36   11   34   28   20   41   34   16   15   5   50   37   49   43   35   45   23   26   38   35   30   44   13   36   16   29   10   32   7   9   7   41   15   38   40   1   43   42   45   19   44   43   13   49   38   37   43   30   4   3   45   27   37   3   47   25   48   21   24   7   11   45   28   16   28   39   38   35   14   32   34   27   28   15   20   4   35   39   1   15   26   20   41   19   2   15   
8   22   9   11   1   42   35   5   5   15   16   44   18   4   21   36   14   36   43   6   36   28   7   20   30   19   50   43   2   50   18   29   22   7   17   8   24   25   46   7   11   35   50   11   40   39   49   12   2   33   45   1   35   15   50   25   35   9   12   26   16   5   42   3   49   32   32   1   9   39   25   29   34   25   2   49   5   3   29   29   48   7   5   18   29   38   27   14   35   2   8   2   23   8   14   30   22   45   9   6   
37   41   49   6   33   6   47   49   12   11   3   8   2   28   23   27   24   47   32   42   20   10   23   35   28   15   12   47   5   37   38   30   17   30   30   12   14   48   34   33   43   21   44   33   20   26   6   11   5   29   15   28   2   47   8   48   37   50   8   46   26   27   10   30   4   47   33   35   44   14   33   30   18   14   36   40   44   18   23   45   3   50   4   2   36   38   15   26   25   29   43   24   30   21   39   43   24   37   5   16   
32   48   23   42   25   34   31   4   11   7   27   6   37   28   42   36   7   9   27   33   2   46   20   16   50   45   35   7   47   23   24   6   2   27   42   45   45   28   32   36   48   49   3   1   31   38   12   41   3   21   31   11   12   7   10   3   3   35   43   30   38   34   18   39   8   34   2   12   27   46   43   43   19   31   41   25   39   43   9   50   38   7   1   19   43   38   50   50   31   25   42   33   20   1   26   6   24   1   31   4   
12   33   33   27   41   34   5   12   33   20   50   39   45   3   19   22   27   30   38   28   50   39   49   35   3   14   12   42   21   8   29   48   46   10   17   26   43   10   11   45   3   11   22   46   30   39   4   4   44   30   43   15   29   19   45   40   49   42   43   30   36   26   10   17   43   3   42   18   17   28   11   3   42   49   26   1   31   4   17   48   12   43   40   4   5   47   17   39   47   21   16   18   8   14   50   41   3   29   9   38   
49   13   21   42   17   7   5   47   15   28   41   29   41   36   5   30   19   40   44   18   42   26   20   3   43   5   31   38   27   45   45   26   44   22   18   17   23   4   24   6   39   19   32   47   20   4   35   4   30   12   31   31   42   37   49   15   41   23   4   41   15   33   35   37   11   27   21   44   7   16   3   29   33   38   50   36   22   45   30   36   21   15   3   7   1   37   28   42   1   34   30   44   50   34   41   35   10   26   11   19   
31   14   50   15   28   47   5   36   16   33   41   6   25   12   31   9   26   19   46   31   43   33   40   42   23   18   45   6   47   44   8   7   35   41   44   39   1   49   5   5   25   3   37   26   13   40   45   1   24   49   14   1   27   47   47   1   9   20   13   4   13   23   10   16   5   20   29   28   18   39   44   48   43   14   29   27   10   20   7   19   19   48   32   44   15   24   43   45   21   49   44   27   40   50   16   21   30   23   26   45   
8   6   21   19   18   12   9   32   21   26   29   5   32   45   23   25   9   31   29   14   17   36   30   18   39   29   27   28   31   41   31   48   10   23   33   43   35   42   30   14   5   24   37   25   43   2   29   11   22   35   1   5   39   32   46   42   44   23   50   26   7   12   8   9   48   1   14   12   40   45   17   24   27   4   28   18   46   6   44   28   19   50   9   13   5   17   30   9   32   41   48   29   22   16   16   43   15   49   3   40   
11   18   50   6   15   12   19   32   22   28   7   16   2   10   22   47   3   28   27   22   46   43   2   2   32   2   5   48   20   12   50   48   29   2   8   1   40   9   14   12   30   19   37   47   38   24   7   35   1   31   27   34   19   13   34   7   10   46   40   46   47   41   19   24   8   50   12   14   24   35   22   29   3   29   50   24   12   7   10   35   30   29   40   41   27   16   3   3   39   49   40   23   39   34   14   26   45   11   4   26   
17   49   32   28   20   23   8   6   36   47   9   18   28   31   33   19   24   45   29   18   6   28   32   46   19   6   37   25   16   26   47   50   1   23   14   22   1   8   3   45   39   29   18   4   6   46   6   38   35   48   12   15   15   42   15   27   18   34   49   14   20   2   9   46   32   9   5   42   10   21   44   16   13   19   6   5   7   3   28   38   6   26   15   37   8   50   7   5   42   17   6   14   5   49   4   5   4   39   15   30   
28   7   29   3   17   46   28   39   43   35   41   24   24   18   42   38   46   1   40   50   24   36   28   27   16   22   4   3   42   44   43   13   28   31   6   35   13   19   38   16   17   2   16   22   40   3   24   26   24   2   42   49   48   10   26   46   21   7   1   24   35   15   12   11   28   32   12   37   38   4   47   24   32   39   24   25   18   18   20   46   8   1   40   37   35   16   26   18   22   42   4   41   49   41   30   44   20   17   38   27   
18   16   9   16   23   8   41   29   42   25   39   35   22   27   17   11   5   10   20   4   27   38   1   16   26   50   12   12   42   48   7   43   35   4   47   40   18   15   10   19   3   34   14   42   45   4   34   44   3   5   31   28   37   50   40   12   7   26   16   49   34   46   50   41   6   44   11   29   39   33   42   39   33   12   29   25   13   6   8   21   39   47   3   34   50   5   10   6   12   8   14   22   49   50   3   12   29   9   40   26   
48   34   40   7   40   21   50   30   28   11   5   47   38   22   23   40   12   40   13   13   18   15   15   32   28   22   19   30   4   38   15   5   23   17   26   31   28   13   34   8   27   37   28   33   26   20   42   16   11   13   42   32   30   49   31   21   49   19   24   32   31   43   50   10   27   21   27   48   35   11   46   16   27   46   1   13   8   24   6   7   43   3   38   48   30   10   16   8   50   22   15   42   41   43   32   33   11   48   4   11   
15   50   40   28   31   26   34   6   45   44   49   32   10   9   23   18   17   20   9   25   39   46   49   47   25   28   23   39   27   5   43   40   41   15   7   15   9   10   9   43   20   14   13   5   16   26   33   47   26   1   25   35   46   1   11   4   31   16   50   25   6   8   22   46   6   30   16   46   35   3   39   5   6   28   22   33   34   25   21   2   44   38   4   5   41   49   24   4   49   30   22   21   42   25   14   39   7   50   29   2   
48   36   43   21   18   41   19   20   50   50   48   41   32   24   16   22   19   35   1   4   14   1   15   2   5   47   31   34   50   40   32   37   26   32   42   19   15   43   4   39   29   11   41   24   29   33   5   29   20   20   15   49   17   19   10   17   42   46   2   50   39   22   38   31   12   4   9   50   36   39   41   46   21   43   7   48   22   4   20   35   44   12   49   14   37   1   16   26   13   1   16   11   35   37   12   19   31   24   28   21   
44   29   35   37   16   8   37   11   33   7   7   21   12   11   44   14   50   24   21   19   8   3   11   24   46   18   33   5   27   11   17   45   32   10   25   8   23   12   30   38   14   31   15   47   44   24   26   28   26   47   21   44   31   4   21   26   24   41   7   31   35   35   19   1   47   26   47   46   44   30   37   27   7   49   40   40   6   23   2   10   22   3   3   15   50   38   27   1   35   18   47   6   6   37   30   4   33   14   38   32   
39   7   49   29   46   46   41   4   31   5   10   38   37   10   16   31   19   2   13   6   8   26   39   15   32   12   37   35   38   46   7   47   46   25   13   47   48   28   32   46   47   1   7   3   33   37   11   33   49   38   40   49   25   2   23   48   30   30   45   9   4   29   42   8   38   41   32   26   25   30   41   30   47   32   34   18   10   48   8   13   21   42   16   3   5   3   24   4   1   6   44   27   11   30   23   42   37   27   49   47   
40   18   48   44   5   30   1   30   39   31   3   23   33   44   23   1   48   40   34   19   2   14   14   21   44   10   44   49   28   42   26   14   8   22   8   15   6   27   12   22   29   37   35   32   45   6   45   17   6   1   12   36   27   25   41   8   15   11   44   9   38   5   43   35   11   32   2   24   36   9   11   48   9   5   2   44   50   24   39   16   47   38   5   1   37   39   10   19   49   47   5   16   8   41   44   43   36   14   36   31   
