6   47   8   16   47   38   7   26   47   30   28   15   5   47   29   14   6   18   34   43   10   40   2   48   48   22   19   49   49   33   21   39   2   44   13   17   12   35   43   47   43   23   27   31   50   26   44   31   29   19   17   27   16   12   31   45   39   43   39   6   4   39   39   49   40   33   49   37   34   45   5   42   15   46   48   23   4   11   5   24   36   37   37   42   27   41   21   41   43   7   41   7   27   41   38   42   33   20   4   7   
42   29   48   40   11   21   3   9   3   3   21   50   30   25   11   24   46   50   2   45   50   4   38   23   7   3   41   26   40   41   50   9   31   15   12   7   46   17   1   31   2   2   17   33   42   15   17   9   17   21   49   6   41   6   22   14   32   11   23   43   13   21   11   29   21   19   16   16   41   7   48   40   44   16   23   25   30   10   25   42   15   23   31   1   45   5   22   38   14   43   2   24   29   30   27   3   34   5   6   16   
18   21   23   37   10   8   17   45   38   13   43   23   49   23   43   31   16   43   6   37   21   25   14   18   28   50   16   23   18   48   24   32   34   37   41   43   12   41   24   16   44   6   10   26   47   23   31   17   42   13   50   3   47   9   8   24   37   17   16   9   23   38   12   48   8   12   43   17   37   19   18   5   9   44   38   43   17   4   31   37   2   15   35   2   1   31   12   31   6   28   1   14   8   27   9   15   41   28   10   50   
2   1   1   36   1   19   45   47   10   20   31   32   49   30   14   5   46   43   33   40   7   14   45   15   22   18   42   17   12   29   43   34   38   2   5   48   29   7   49   11   15   2   14   43   14   28   17   47   32   34   2   24   44   30   44   32   40   21   41   8   40   30   3   38   7   38   7   34   45   37   46   30   43   22   33   48   28   26   31   2   19   42   1   44   49   27   45   23   25   7   8   17   7   39   2   29   33   42   34   28   
47   17   26   10   28   38   14   25   10   47   39   17   34   4   49   9   7   30   22   26   2   30   37   40   9   2   28   1   49   21   24   18   1   12   3   48   43   34   29   18   24   5   48   27   39   36   38   36   19   40   6   20   35   39   48   38   32   7   50   36   30   47   14   5   28   19   5   42   42   45   42   9   12   41   31   27   15   35   16   26   21   32   41   23   6   13   7   44   29   24   26   29   2   27   48   37   28   47   42   21   
33   39   46   4   24   31   42   19   19   31   49   14   6   31   29   23   19   45   47   50   46   38   11   11   34   28   30   33   24   2   23   39   43   8   18   38   47   38   39   2   36   38   46   4   21   11   44   4   30   5   46   11   37   32   7   22   49   7   38   17   11   20   46   46   17   16   11   26   46   25   11   39   31   31   42   44   23   38   40   12   9   38   26   9   17   30   5   41   48   27   41   11   19   16   22   1   46   30   47   5   
23   23   9   24   1   39   41   30   44   35   19   31   17   10   24   30   43   1   41   30   46   47   15   20   2   15   13   9   27   6   26   2   2   34   42   42   30   44   15   29   34   14   24   46   19   31   4   49   45   46   14   43   8   3   13   30   20   13   19   26   26   33   11   17   45   23   42   45   36   10   24   12   4   17   42   18   40   2   4   17   6   24   39   8   38   29   20   3   13   50   16   3   33   28   33   34   1   48   14   24   
50   30   41   27   45   22   10   34   31   15   2   20   19   24   22   29   48   26   48   47   26   20   35   41   13   43   11   47   21   4   2   49   46   31   26   14   50   17   12   19   42   43   47   6   7   1   40   8   23   18   26   39   42   15   15   10   20   18   1   47   47   28   31   17   17   2   38   40   29   43   10   42   35   17   35   28   17   35   38   43   49   7   25   5   24   19   33   29   4   20   14   3   41   2   18   41   36   2   34   49   
49   42   46   20   40   37   35   50   20   3   1   5   43   2   19   40   26   41   8   42   43   45   32   22   20   19   46   21   10   33   33   14   39   31   30   41   17   3   17   36   49   16   33   42   43   31   24   2   18   17   45   44   9   44   23   15   41   50   8   24   49   32   24   17   12   20   16   33   29   46   39   1   34   46   37   4   26   13   49   39   34   38   36   50   22   34   7   47   15   40   28   45   21   40   10   16   8   20   32   41   
35   5   43   17   38   8   22   13   40   4   32   26   32   24   6   49   29   28   8   42   26   40   36   30   2   27   7   12   29   41   35   19   9   16   21   19   8   38   3   34   44   12   40   14   27   15   11   44   34   45   28   9   38   37   32   8   13   12   49   32   6   34   14   4   16   9   3   45   14   26   5   9   27   22   43   35   1   25   22   4   8   43   32   23   18   4   15   49   37   12   31   3   20   22   29   25   37   4   46   44   
39   19   12   25   1   50   32   17   16   4   9   13   27   8   2   19   30   27   15   20   31   27   15   5   29   13   44   48   8   30   9   32   39   31   18   30   42   1   33   47   40   1   11   9   7   13   36   5   21   40   7   39   23   41   24   23   46   3   2   11   25   8   49   4   18   48   10   10   49   39   34   5   12   6   22   38   50   42   1   2   41   19   23   34   2   47   9   32   50   13   3   25   26   34   5   4   7   42   19   31   
21   47   29   44   2   2   40   47   45   36   22   19   20   7   41   10   17   1   30   6   41   42   21   49   23   30   36   17   44   13   6   6   30   31   2   6   48   17   49   16   33   1   45   35   31   26   34   5   47   26   29   36   34   29   13   21   1   16   25   8   49   1   6   21   48   14   22   39   4   36   27   11   29   33   39   3   43   4   46   21   27   13   26   4   17   6   23   19   49   27   3   7   48   3   6   23   24   46   18   23   
45   22   37   10   19   3   45   50   2   13   33   25   23   36   7   7   29   25   16   35   11   27   7   4   18   9   2   42   35   40   21   50   44   38   21   36   21   26   48   31   50   1   13   49   32   32   11   11   5   20   5   10   15   34   32   4   44   29   3   37   43   12   4   5   45   48   4   39   46   24   41   47   23   16   43   27   42   23   10   11   18   39   46   23   11   37   13   27   30   17   7   35   39   40   37   36   10   17   22   43   
41   1   50   31   18   7   44   3   41   9   43   28   38   7   15   49   42   32   1   49   14   14   11   36   21   18   21   5   7   42   27   27   40   9   50   29   17   48   49   6   29   34   10   11   9   28   43   25   6   33   39   7   48   34   26   42   48   5   14   49   16   15   46   32   41   6   42   28   42   3   45   4   49   18   27   25   1   32   17   38   10   10   43   23   26   41   40   33   17   37   40   14   16   16   23   7   24   24   12   8   
46   36   28   5   35   30   16   18   45   26   7   29   42   30   45   8   43   38   43   44   38   5   29   14   43   39   18   34   13   50   13   5   30   44   50   4   35   17   30   46   16   22   46   4   19   34   45   25   49   10   24   44   47   49   44   18   49   4   25   26   32   46   46   21   44   36   49   20   1   46   2   16   48   38   15   17   13   39   9   21   37   28   35   14   12   20   40   31   19   14   29   2   4   44   36   3   38   18   28   7   
19   9   27   29   34   10   50   40   48   47   25   26   20   10   3   25   42   29   14   30   31   40   47   19   22   38   22   23   3   48   47   45   5   7   35   38   26   18   22   11   3   37   41   35   40   42   39   12   39   16   22   1   8   34   9   24   21   41   14   27   14   12   33   2   24   31   16   24   3   21   3   30   50   18   41   27   30   26   29   22   45   6   40   48   2   19   27   50   17   31   24   11   9   25   34   13   46   33   15   41   
50   45   16   34   35   11   29   26   11   50   36   42   6   19   41   16   42   12   33   7   49   16   1   37   44   11   7   9   26   37   10   21   47   18   48   46   36   30   21   43   49   37   36   38   22   37   43   6   50   15   49   11   43   16   37   2   39   44   39   37   40   29   8   9   47   2   44   42   12   4   9   23   30   16   15   12   44   35   24   41   15   29   32   49   50   40   38   7   47   36   37   29   40   42   34   21   27   26   14   11   
4   38   11   19   37   45   16   11   28   4   42   30   41   20   50   48   17   5   6   46   1   27   26   16   49   49   19   12   36   39   9   41   8   45   3   43   19   22   2   15   36   25   15   26   20   17   28   39   17   25   22   36   10   6   30   22   4   1   36   48   35   31   21   11   37   11   49   50   1   10   18   26   29   48   43   39   32   28   49   36   47   28   25   29   15   15   3   39   44   36   20   16   32   12   20   14   24   39   34   47   
1   39   42   13   33   34   10   18   30   7   47   2   24   44   38   10   44   48   36   26   25   1   39   18   27   44   34   48   33   48   18   23   49   32   2   36   21   17   24   38   6   8   8   38   50   47   47   2   23   29   25   40   26   40   29   2   5   28   5   24   33   19   46   30   18   49   3   33   22   41   32   25   9   29   40   32   15   14   43   31   28   1   30   37   22   22   49   46   23   42   12   43   2   33   33   15   27   3   28   46   
20   42   38   6   18   4   23   8   42   37   10   27   27   27   28   7   45   27   22   29   37   17   1   14   4   32   35   8   20   50   1   1   46   4   39   33   50   11   8   3   36   23   10   39   33   49   43   28   19   10   18   10   16   30   38   7   7   24   43   5   20   31   9   44   42   7   21   50   7   25   7   3   50   30   39   24   15   30   31   28   38   24   38   17   41   30   17   22   40   32   33   34   18   9   35   7   3   24   10   25   
