35   27   19   38   24   4   8   11   10   12   34   2   3   28   33   7   11   11   17   23   32   19   32   28   14   10   2   50   47   33   24   9   29   42   33   48   13   11   10   2   50   41   22   38   49   28   42   3   10   24   35   46   12   41   15   6   12   43   24   18   18   30   50   5   34   27   6   45   25   1   45   8   46   31   27   50   26   38   20   8   19   22   37   29   18   10   6   36   7   14   16   19   49   38   37   50   37   3   47   41   
13   10   41   30   42   46   13   15   42   38   48   3   48   17   3   5   4   8   11   1   32   40   44   43   13   1   45   19   39   3   36   26   35   15   29   22   27   39   7   17   28   35   27   50   35   29   3   5   1   48   4   28   20   43   14   26   4   49   10   46   15   13   36   24   33   29   28   27   8   37   13   36   47   3   16   1   32   26   37   14   33   7   11   42   39   5   34   39   1   18   43   8   46   40   10   41   17   39   9   6   
15   36   18   24   10   20   19   1   37   26   6   29   23   22   10   22   42   49   30   29   10   46   20   3   40   7   46   15   8   50   32   41   4   25   31   27   5   35   32   20   1   49   12   6   49   49   26   25   36   3   25   30   9   26   22   8   13   28   42   49   12   29   32   46   10   3   23   34   29   4   13   32   38   19   6   15   1   41   13   19   10   3   46   44   13   41   35   7   25   24   45   29   36   19   43   12   26   16   40   22   
47   40   24   46   26   44   41   48   25   13   4   26   21   2   1   3   19   39   42   1   46   19   20   36   23   28   32   40   17   21   35   16   35   32   42   41   37   17   39   26   3   40   12   27   11   37   6   48   23   16   16   49   47   8   42   46   42   24   37   35   43   19   33   19   1   26   37   49   41   12   38   7   19   42   44   7   33   25   14   14   19   3   11   17   14   42   46   49   49   17   24   5   37   38   44   30   44   9   7   43   
6   6   23   49   29   34   28   6   42   33   33   42   23   8   30   18   45   11   4   36   8   33   48   39   19   32   27   9   50   40   24   49   11   27   22   4   11   43   14   21   27   34   7   47   29   33   11   8   43   35   15   24   2   15   18   13   30   39   9   40   27   19   43   27   4   3   46   27   27   41   29   45   31   18   27   32   30   47   31   22   14   28   14   12   7   21   15   8   23   29   50   40   22   33   39   12   27   6   33   10   
47   29   7   19   9   26   20   28   35   2   8   26   27   27   23   35   23   31   41   38   24   11   43   42   19   15   10   8   46   27   49   46   7   8   46   13   5   42   19   39   17   43   43   2   19   14   34   34   8   2   8   46   38   40   16   45   40   2   42   30   13   30   47   5   38   22   34   8   28   47   42   14   34   39   39   6   29   49   35   31   1   28   26   24   24   42   43   4   36   29   32   11   50   29   12   48   6   28   6   30   
14   13   36   43   17   11   3   41   39   46   30   34   17   46   16   11   24   21   28   50   30   9   36   49   1   35   50   30   22   6   27   13   17   22   35   48   1   29   17   11   13   39   18   42   40   11   5   14   28   24   38   14   26   16   31   32   25   31   19   43   47   27   30   6   34   35   3   22   24   39   11   41   36   48   25   44   11   47   11   37   41   47   24   7   45   6   12   25   26   23   16   1   28   16   16   31   24   45   30   13   
22   48   14   25   18   21   2   37   9   25   40   45   21   2   7   10   26   7   34   28   38   49   10   40   16   39   29   22   19   28   17   46   19   24   43   14   19   2   22   25   41   19   48   19   24   14   36   33   14   3   39   27   27   15   1   42   12   9   47   18   8   46   47   50   22   32   44   10   44   2   12   21   1   10   18   39   26   48   37   18   23   3   29   3   3   27   15   8   11   21   46   34   22   28   17   29   43   7   10   27   
27   32   43   1   5   4   9   1   3   3   15   44   31   35   28   31   18   23   11   3   26   20   38   18   4   11   37   32   17   22   38   38   49   42   12   20   25   6   19   34   24   24   2   25   18   34   4   41   10   29   44   4   24   11   5   15   7   20   37   34   21   28   4   28   41   22   47   38   3   5   31   30   48   24   42   24   40   29   45   19   39   29   10   22   50   21   14   45   6   50   4   30   40   28   5   40   42   30   32   24   
29   30   50   31   44   21   15   41   17   20   12   20   43   49   42   42   13   4   1   7   46   31   18   29   3   34   41   26   43   7   29   11   50   42   36   35   47   49   34   37   21   43   3   38   25   31   12   45   6   6   9   35   27   48   21   12   31   36   48   34   14   30   24   31   36   46   45   26   35   44   18   50   46   47   1   24   49   3   4   48   41   34   33   38   28   21   27   28   10   22   41   40   29   44   47   33   4   13   44   39   
12   37   6   24   15   30   26   21   20   11   27   22   20   39   41   2   50   18   49   23   13   4   1   40   50   32   3   13   30   20   33   8   12   20   22   18   24   8   2   15   19   20   23   46   19   4   30   1   3   18   30   5   22   27   40   18   49   46   38   10   36   42   23   7   8   19   35   3   38   43   9   40   38   14   26   11   21   7   40   1   4   7   19   14   48   15   45   35   41   5   18   19   33   17   23   42   9   32   14   7   
9   27   9   12   5   13   49   5   3   18   44   5   46   44   43   46   42   2   28   4   25   47   50   22   16   3   49   2   24   27   16   10   6   37   31   38   3   49   31   19   49   27   19   11   7   10   46   6   26   40   30   47   26   26   25   26   13   24   10   6   14   35   31   42   48   29   18   38   35   16   23   29   7   43   31   5   18   40   16   28   43   41   25   48   31   24   36   34   12   45   1   50   9   18   36   49   31   24   24   40   
2   29   31   9   11   39   9   9   9   23   11   44   15   39   2   25   34   3   13   41   33   50   46   47   41   50   2   40   19   4   7   29   11   7   26   21   21   37   17   36   22   39   33   48   44   16   43   40   6   16   26   50   37   48   8   47   11   35   40   26   16   29   23   1   24   27   45   45   44   22   46   44   42   38   50   18   1   31   7   24   29   8   49   8   7   17   44   43   40   47   36   24   5   27   8   41   2   15   20   23   
49   29   33   43   35   36   33   16   43   29   24   10   21   7   43   12   1   10   43   3   46   30   47   16   42   22   13   34   4   35   4   22   8   3   40   38   30   31   13   50   49   4   10   49   30   43   47   14   22   5   37   12   41   40   25   19   29   3   29   6   12   50   33   27   29   23   33   22   45   24   6   10   20   42   15   47   45   30   25   5   37   26   15   10   21   10   34   3   19   39   44   1   1   29   14   8   47   19   34   3   
42   10   36   7   36   4   47   16   50   20   50   13   29   6   12   24   47   16   17   35   7   50   34   38   35   38   22   3   4   49   43   47   40   7   13   36   5   12   44   45   49   49   46   33   12   1   6   19   29   17   8   31   40   32   46   4   7   46   6   30   19   14   37   6   47   36   39   21   36   31   20   4   11   1   25   5   25   21   44   27   7   17   32   6   28   19   31   27   4   45   46   7   5   9   2   26   15   24   33   43   
21   20   39   29   11   31   14   41   9   3   31   45   31   2   9   43   45   38   28   6   37   5   2   45   32   9   36   42   25   12   1   27   39   36   36   6   32   10   45   2   12   16   43   18   44   23   31   15   3   31   36   43   25   44   12   37   22   44   1   30   43   49   8   7   43   4   49   34   32   44   29   19   42   41   4   7   8   32   5   42   34   41   12   20   48   42   20   49   50   12   12   43   43   50   25   19   4   7   37   30   
23   36   4   23   36   49   26   15   19   14   18   12   27   48   25   19   42   44   31   12   42   25   17   49   14   15   37   38   37   38   37   12   8   8   22   30   22   44   18   11   48   8   26   24   24   8   4   12   18   29   22   49   36   43   19   10   49   15   41   24   40   44   7   19   33   12   20   32   19   6   19   7   31   4   22   37   18   34   39   41   32   37   40   49   37   23   48   1   41   10   9   13   5   26   26   33   30   50   6   33   
21   49   3   22   23   49   38   49   44   33   42   44   20   27   35   43   49   48   12   46   23   32   27   20   17   14   2   3   36   50   27   38   28   39   29   25   3   24   47   24   44   40   28   32   48   3   14   25   46   30   42   42   15   32   37   23   17   42   39   19   5   19   7   2   27   7   13   2   16   37   33   46   36   3   20   18   10   45   29   5   44   10   10   43   26   9   6   22   40   5   12   26   30   37   34   21   45   15   20   37   
47   36   31   44   23   1   43   45   5   7   35   11   10   41   18   6   40   17   14   15   42   6   21   47   35   9   20   6   20   31   29   38   26   2   41   4   33   6   47   39   42   34   18   38   11   36   17   33   43   5   14   29   6   44   16   50   44   12   25   46   20   43   30   6   26   35   2   22   48   1   43   40   45   7   36   40   21   38   49   37   22   4   14   11   39   31   24   47   32   12   50   16   20   33   12   8   45   33   20   7   
3   19   6   18   17   29   30   31   14   6   25   12   16   15   3   6   30   30   8   42   16   42   30   31   18   9   34   12   50   36   45   37   28   5   14   38   2   20   33   26   1   35   38   31   39   25   12   38   47   31   47   14   9   36   33   18   40   13   35   35   2   46   18   15   34   11   14   45   49   36   19   47   14   30   20   45   48   21   48   18   2   34   32   41   38   37   27   49   25   17   16   6   23   7   10   23   25   31   49   42   
