30   8   24   10   30   1   35   36   9   35   24   7   21   17   19   22   47   11   5   44   21   24   47   31   6   4   43   27   13   22   40   5   45   12   37   1   18   30   47   2   11   9   36   29   44   49   31   49   42   27   41   9   49   18   33   39   24   43   23   48   13   14   20   40   23   25   30   23   50   25   21   32   28   49   43   27   20   15   50   23   30   6   18   23   38   44   2   26   45   34   38   19   24   48   26   34   29   27   10   1   
28   46   20   37   37   18   5   50   38   14   34   22   41   26   30   3   7   13   19   2   12   8   22   24   15   25   23   47   14   1   2   47   36   40   20   36   22   36   3   11   48   49   20   5   4   34   7   16   15   15   43   26   49   8   50   34   12   45   28   10   6   24   20   48   29   4   7   34   27   2   6   19   22   20   35   22   3   7   4   22   19   1   47   12   33   7   49   10   50   47   9   31   36   22   16   16   41   12   7   34   
13   30   50   16   3   12   18   18   22   8   6   15   38   2   40   47   44   31   26   7   45   26   43   1   5   9   15   40   13   16   39   50   5   38   23   41   24   27   40   3   13   34   26   22   20   22   26   31   25   36   37   23   36   46   34   16   14   22   14   18   9   17   46   3   18   16   36   50   48   14   48   41   39   15   1   10   48   39   22   1   40   43   29   20   15   6   28   26   20   24   37   2   47   38   45   47   35   43   2   11   
18   41   27   38   48   9   22   30   6   7   22   35   3   23   8   34   14   48   2   14   47   15   10   38   17   39   48   46   19   3   39   30   30   46   16   34   11   22   25   22   47   11   48   18   12   27   24   4   27   23   42   16   15   11   4   37   50   40   46   39   21   32   36   2   38   6   43   34   28   41   4   42   44   43   18   19   17   22   30   37   8   44   48   48   24   7   43   24   15   46   40   2   16   42   47   44   28   40   16   29   
29   18   2   33   26   25   3   16   2   49   47   31   20   22   5   22   15   10   40   2   28   36   37   3   16   16   40   36   23   49   5   12   21   22   27   29   6   36   35   7   29   2   6   39   13   25   35   50   43   29   36   20   29   49   8   29   16   46   46   34   45   4   41   8   38   1   2   20   8   50   24   49   14   29   34   36   11   13   12   12   20   1   26   41   41   43   43   43   43   5   1   32   37   42   3   38   20   6   50   15   
4   38   50   32   34   22   13   11   46   13   35   47   26   46   10   24   15   16   27   45   45   3   11   37   17   42   31   4   40   1   8   19   35   6   43   46   11   4   32   41   4   7   3   38   31   23   35   40   46   46   31   31   14   18   21   40   10   41   47   30   12   39   22   44   8   36   28   44   50   3   18   8   12   38   35   43   11   22   49   39   48   2   15   45   32   6   24   46   17   1   29   38   27   5   6   36   34   44   45   39   
44   10   32   21   35   23   40   28   4   22   31   1   48   27   5   30   6   48   7   21   34   4   29   31   15   18   32   20   17   32   6   36   12   39   4   20   15   18   44   26   5   9   31   29   21   14   15   22   10   20   31   34   30   46   19   40   43   24   44   13   28   6   29   28   7   47   39   31   2   7   8   14   10   22   7   39   18   31   31   30   46   23   25   3   48   16   33   46   12   24   7   8   34   14   11   34   34   2   47   48   
4   14   20   50   15   24   16   44   30   35   37   21   50   33   18   6   27   35   29   49   36   11   18   30   46   8   8   39   36   7   4   29   12   15   17   3   2   49   21   41   44   27   10   7   38   27   9   38   23   20   23   38   47   18   15   28   22   26   6   25   14   10   40   15   4   29   9   43   48   14   40   25   7   18   8   27   4   22   12   11   31   49   38   5   7   48   30   3   30   9   36   45   39   3   49   28   29   27   28   6   
15   40   30   4   36   24   42   4   6   25   19   40   9   5   23   41   24   30   12   19   32   43   26   13   2   12   48   15   3   23   32   10   38   44   22   24   12   34   3   15   15   25   15   48   50   24   5   4   6   23   4   9   11   4   18   10   12   28   7   6   30   29   11   26   48   7   36   40   46   45   28   25   50   37   48   19   11   33   27   25   46   32   13   14   50   6   15   17   34   13   49   6   22   14   30   22   40   42   36   34   
45   15   31   36   7   13   38   49   32   12   14   23   20   40   29   43   14   38   20   44   32   2   34   29   19   34   18   1   42   48   30   18   8   28   36   17   3   40   34   19   16   13   32   47   43   7   4   22   39   45   6   35   42   10   31   40   6   9   49   18   10   44   15   28   38   48   7   34   9   47   38   12   6   32   49   37   33   2   3   41   37   3   1   44   45   38   31   24   13   34   41   50   47   40   9   1   2   48   10   50   
48   20   11   13   11   33   20   18   46   45   50   32   22   35   42   13   7   21   25   18   32   42   12   9   28   50   2   14   1   3   36   46   3   23   3   16   40   37   1   41   45   21   41   43   9   37   30   43   37   8   3   2   19   49   20   23   2   40   2   6   23   15   33   46   28   2   31   11   25   49   40   17   19   17   20   4   48   9   30   37   16   45   28   36   12   5   7   33   42   45   24   6   16   38   45   14   34   39   38   36   
34   36   43   41   33   8   23   36   29   10   31   17   35   8   45   16   36   37   17   27   38   2   35   2   43   29   35   41   22   32   26   31   38   3   12   15   44   47   3   12   4   1   11   49   33   38   25   3   3   31   12   33   15   32   37   43   39   5   7   23   19   8   9   9   44   10   38   28   32   18   37   10   24   47   25   50   10   37   1   6   17   29   5   27   30   4   12   7   40   9   6   29   29   32   31   10   16   16   22   35   
25   11   13   46   37   27   14   3   18   17   24   37   11   10   34   33   20   50   40   42   26   6   6   46   43   17   46   9   2   40   19   24   48   35   9   10   8   33   6   38   48   2   4   14   29   37   25   15   46   1   16   44   4   39   35   4   40   42   43   39   14   11   30   39   11   12   32   19   37   36   3   33   9   24   33   4   2   34   32   35   22   41   21   44   21   8   17   40   9   44   6   17   25   49   13   35   16   44   12   28   
13   29   27   17   47   27   41   24   19   29   22   44   20   3   19   46   14   1   19   21   13   4   31   25   14   29   35   2   2   9   36   17   1   10   26   27   32   14   33   13   24   49   10   45   34   7   25   34   6   40   13   18   22   46   27   9   36   16   14   27   38   44   12   16   49   24   34   4   12   33   40   17   27   17   41   8   14   15   9   32   16   44   9   47   15   2   33   24   42   32   9   6   29   34   12   1   50   6   6   42   
36   13   20   12   9   20   42   16   50   30   11   50   23   13   8   38   47   48   8   19   41   27   19   16   18   1   34   1   37   45   35   2   33   48   21   28   8   41   37   50   18   21   25   40   40   20   3   43   29   45   25   33   16   12   32   43   29   41   32   16   7   45   27   45   10   5   11   47   21   40   46   46   7   35   26   42   48   21   36   13   12   35   6   21   37   41   45   49   44   47   19   37   17   7   44   28   29   28   34   10   
44   29   4   27   43   25   1   36   24   39   6   33   10   3   19   29   45   2   32   18   2   9   41   17   21   26   41   26   47   45   3   13   13   22   32   27   19   38   25   9   25   44   21   38   44   3   45   48   26   37   20   25   20   10   31   35   34   34   1   43   3   39   20   9   28   23   17   5   50   23   21   30   16   16   26   13   4   1   19   14   25   14   41   40   49   25   2   20   15   31   3   26   47   49   41   36   30   9   14   32   
20   40   1   10   39   49   1   11   15   31   16   28   12   45   20   31   26   17   43   42   29   50   22   2   21   39   29   36   28   44   31   37   20   16   5   46   36   38   4   8   50   40   36   22   3   31   49   1   50   6   4   29   19   15   40   12   3   1   48   10   30   9   45   43   28   1   20   14   16   8   39   25   5   20   9   11   6   5   22   38   24   4   40   15   40   6   17   39   35   28   42   13   45   44   13   37   17   14   46   41   
8   13   11   40   29   47   20   34   31   22   6   37   36   36   29   13   7   25   37   36   13   9   18   9   47   9   27   3   29   29   42   49   11   27   19   24   11   24   48   40   19   29   40   27   1   6   14   18   26   34   29   37   43   48   15   14   38   41   41   41   11   46   9   48   42   22   15   38   41   22   4   41   36   22   12   4   35   40   29   26   34   3   10   6   37   19   4   32   44   29   44   15   44   30   2   45   40   4   44   21   
20   47   26   3   37   10   45   1   46   31   17   17   11   20   22   20   39   10   11   4   4   37   23   1   21   25   29   29   21   13   46   6   9   39   50   40   23   15   23   48   47   9   33   42   16   44   49   2   32   37   47   40   5   33   11   7   44   38   11   27   6   41   36   7   17   44   15   26   14   17   21   21   45   18   17   7   31   7   37   24   19   3   10   5   46   18   8   5   41   17   36   19   16   28   30   39   16   21   26   31   
35   16   42   34   12   37   44   37   15   50   40   6   43   17   17   16   49   33   44   7   42   45   38   17   33   46   6   46   18   19   14   38   33   45   42   9   30   33   34   50   25   10   14   50   33   27   33   44   14   4   32   20   6   45   50   22   47   24   11   14   16   9   36   41   33   10   35   41   12   21   30   38   32   35   19   9   16   13   16   16   43   4   33   27   34   21   42   4   46   18   9   46   7   34   16   49   10   31   50   23   
