44   17   31   49   29   48   43   14   30   18   34   25   46   21   37   35   27   23   13   3   38   10   27   26   48   3   40   15   20   49   11   24   28   8   38   10   37   16   9   46   29   50   7   36   26   47   22   34   28   42   14   4   12   25   28   35   43   34   38   9   47   19   24   1   47   26   11   27   37   32   19   46   4   43   17   49   27   11   26   21   17   17   48   37   47   18   11   27   33   41   14   31   5   17   25   14   43   41   30   15   
1   26   35   22   47   24   48   40   1   1   30   23   20   10   48   3   28   37   18   3   37   7   36   30   14   28   24   17   28   31   22   45   37   18   44   26   35   1   45   47   25   23   20   7   9   11   45   32   40   29   3   31   7   32   34   35   24   31   39   26   13   46   41   19   21   14   26   8   33   33   5   31   37   37   4   46   17   14   16   25   16   49   41   2   11   2   7   1   19   38   14   30   1   36   3   49   19   19   5   4   
10   9   33   42   25   46   7   37   33   33   1   27   26   25   20   20   25   4   42   21   47   48   40   9   45   24   45   43   45   5   18   45   34   12   38   12   20   29   6   13   26   31   27   36   38   3   25   49   9   22   44   17   33   50   21   24   25   46   8   37   45   28   37   42   7   24   44   19   36   36   42   45   35   18   6   36   20   19   15   31   27   45   16   25   48   47   23   50   38   29   12   50   18   10   38   3   40   42   24   30   
6   36   48   16   5   43   47   37   37   45   44   20   44   27   50   27   6   2   48   5   37   6   38   30   21   38   3   40   15   22   10   21   45   4   5   10   9   32   10   17   5   40   36   41   44   20   43   25   3   37   8   45   37   35   6   4   10   9   9   20   17   24   15   24   33   21   16   50   44   6   12   15   35   36   3   50   7   49   37   23   44   41   34   33   3   39   49   9   43   6   29   18   31   30   7   28   22   26   15   36   
30   48   4   15   8   7   50   32   14   9   46   20   38   49   4   27   8   9   4   47   35   27   25   15   1   15   4   45   38   3   31   15   18   16   21   32   29   37   15   33   14   29   33   39   49   38   13   20   45   35   34   29   41   5   44   50   11   32   23   35   41   30   44   14   42   39   30   21   43   47   33   48   31   31   36   8   13   23   44   37   25   30   46   12   41   28   12   13   22   23   11   42   42   34   21   48   32   21   12   11   
12   45   48   22   48   32   36   9   25   15   11   29   24   21   26   6   10   27   3   19   26   34   4   6   25   30   47   39   29   47   2   46   41   8   39   30   21   11   18   42   14   47   19   18   26   36   12   45   35   31   45   42   40   42   40   48   9   37   27   41   47   33   45   8   19   39   45   5   20   33   13   8   12   13   45   48   40   4   41   33   11   34   16   35   30   6   4   42   47   14   18   26   48   13   21   20   27   38   38   12   
47   1   10   37   19   5   5   7   25   50   36   39   13   11   20   44   41   49   30   49   32   4   31   44   33   26   31   17   7   25   19   12   46   27   19   39   24   40   29   37   30   3   43   2   5   31   39   27   49   48   46   15   16   41   22   28   10   42   13   50   7   7   4   44   7   13   39   9   6   8   10   3   31   25   10   37   20   11   29   39   32   19   41   46   40   18   30   35   22   36   29   38   9   31   43   6   50   29   43   25   
11   21   4   28   39   33   15   29   2   15   38   44   46   24   2   20   7   45   22   37   40   11   6   27   46   31   25   15   7   47   19   13   50   43   32   31   33   41   33   19   8   38   24   4   9   4   23   2   26   2   11   32   20   24   41   49   18   39   3   41   10   15   16   28   35   40   30   22   1   8   39   35   40   26   33   42   26   47   48   47   39   30   44   49   42   25   14   11   45   50   33   11   36   22   24   48   49   44   50   26   
39   33   9   41   50   9   22   37   25   35   26   32   47   45   31   38   12   36   10   38   4   31   43   30   30   22   42   10   30   21   23   24   8   37   28   25   42   48   32   28   19   7   44   2   6   46   47   43   8   14   33   26   26   38   34   34   13   8   7   40   18   18   6   14   46   45   50   43   50   5   12   29   19   1   11   32   46   39   27   34   7   41   11   39   35   50   3   9   13   50   34   4   11   41   46   33   15   7   40   18   
22   7   6   10   22   19   20   15   1   3   36   33   1   15   12   7   11   26   42   29   33   20   2   48   20   15   50   35   32   23   7   32   4   46   47   15   40   15   44   50   7   41   28   34   22   40   25   17   32   1   27   47   42   22   5   33   50   48   28   7   35   38   19   34   47   11   13   38   44   36   9   42   25   28   12   35   28   31   49   23   14   22   40   13   49   32   39   13   1   6   18   22   19   6   37   6   22   48   22   28   
25   13   43   12   25   12   1   46   13   45   11   38   45   48   4   41   15   19   33   39   2   46   10   11   18   42   3   27   32   20   43   28   22   28   16   37   10   31   49   45   13   48   14   9   48   10   30   10   28   32   5   27   34   13   7   30   43   30   49   28   11   27   6   16   8   13   10   34   8   44   13   40   42   32   26   46   16   43   27   24   36   13   13   26   31   34   50   43   23   38   21   35   27   19   48   42   45   47   16   33   
32   35   13   38   41   33   17   27   1   15   19   4   11   50   33   30   31   32   50   12   40   20   27   37   16   9   18   27   9   8   33   47   23   33   31   13   27   7   41   34   3   1   45   41   47   33   9   6   47   47   41   39   3   35   36   18   30   17   17   27   36   32   42   29   18   7   17   18   7   10   33   49   47   41   19   13   50   7   2   15   32   17   29   31   38   20   36   22   12   13   20   20   29   49   43   10   46   36   50   50   
23   11   13   1   32   40   29   1   17   33   20   14   36   26   14   32   42   26   5   10   30   26   18   29   48   41   16   34   29   40   17   1   49   27   42   49   13   22   30   25   41   47   12   22   43   41   17   24   9   7   37   27   29   50   17   21   15   37   39   19   22   26   40   9   6   38   35   43   21   37   31   39   12   44   40   28   12   15   23   35   7   50   10   30   9   25   35   14   21   47   14   44   34   37   19   12   39   23   46   49   
32   20   15   24   17   43   8   8   5   29   13   15   19   23   38   1   50   46   50   23   4   19   23   28   18   20   10   18   28   39   39   24   37   42   50   35   4   32   42   9   39   13   3   47   49   23   11   2   34   30   6   50   7   6   29   50   29   3   20   30   14   49   12   14   17   9   32   41   39   10   1   25   47   41   1   41   13   36   32   41   8   36   44   42   29   25   36   31   48   44   7   12   24   38   37   20   13   37   14   9   
6   48   24   43   7   10   45   14   25   37   24   6   48   31   42   2   8   8   17   30   1   5   12   11   11   26   37   28   47   16   39   3   23   33   45   36   1   8   44   41   44   27   9   1   5   21   44   9   15   35   6   21   38   17   16   9   40   32   38   2   27   29   34   15   22   2   17   25   45   22   36   1   9   21   36   41   33   24   4   49   28   26   1   29   10   17   20   18   29   17   18   38   30   15   11   49   2   14   31   43   
5   29   16   9   45   25   34   45   12   37   11   39   28   22   40   49   49   8   35   23   36   8   36   2   15   5   30   14   6   46   29   35   23   4   32   8   28   16   30   46   21   16   6   45   50   33   4   14   24   11   45   13   45   3   2   13   7   40   39   49   9   17   27   36   6   12   24   34   44   40   49   48   48   13   47   13   47   17   12   49   6   48   8   28   23   29   27   2   24   26   43   43   42   5   39   49   34   32   11   30   
34   20   1   12   14   21   45   33   21   48   44   27   45   4   28   26   39   10   4   8   4   46   39   17   19   4   43   2   18   13   40   26   36   46   32   36   23   27   41   47   32   3   11   45   46   41   36   27   1   46   8   4   46   31   26   25   22   40   38   23   20   27   26   28   17   5   48   35   26   30   41   23   15   30   8   34   1   26   6   29   9   30   5   18   45   33   37   30   13   6   7   12   50   1   31   17   5   50   36   50   
38   36   17   42   3   41   24   2   43   37   8   26   22   39   48   31   31   9   37   20   8   38   30   18   11   40   44   6   33   45   31   32   8   9   15   12   12   26   32   47   39   13   28   49   3   30   21   41   8   43   35   19   4   9   46   11   49   47   48   1   10   28   28   17   29   12   9   8   32   27   5   5   44   11   42   11   49   31   37   37   4   48   14   3   45   50   39   33   44   13   29   40   10   36   34   45   21   16   26   12   
27   9   22   33   18   8   20   10   49   28   28   41   21   48   12   1   16   33   48   14   13   40   12   41   9   39   14   27   29   7   24   15   5   39   25   6   24   35   10   29   6   16   50   35   14   33   45   33   1   49   28   11   46   44   1   8   40   37   24   42   42   9   50   17   26   7   34   50   13   50   8   11   42   31   27   47   34   8   24   3   32   39   14   35   30   26   43   26   4   41   30   31   20   24   24   28   5   49   40   41   
23   24   3   46   1   29   36   36   5   12   29   43   9   50   21   8   6   6   36   44   27   6   42   38   19   6   35   7   1   23   44   17   28   36   28   32   41   21   31   30   3   34   3   18   27   15   50   11   18   48   39   23   10   31   36   40   17   44   23   24   44   23   11   43   23   26   18   19   28   50   31   2   15   40   23   4   38   48   8   15   8   46   45   30   44   36   50   43   48   43   9   26   17   21   29   2   20   26   1   37   
