29   3   37   46   16   41   47   23   46   4   38   15   25   18   14   8   30   42   21   44   12   43   32   8   46   44   35   34   24   18   44   9   6   29   44   9   37   23   5   20   34   48   11   27   49   32   20   6   23   29   5   14   3   45   6   17   29   45   49   31   39   11   17   47   40   11   38   24   22   45   45   19   40   2   24   47   47   32   45   3   43   4   41   8   29   26   43   1   23   33   47   6   35   9   22   3   50   45   21   44   
10   48   49   35   21   13   41   40   2   2   10   18   16   45   21   39   44   28   34   27   25   39   30   49   13   42   22   29   5   6   40   13   49   31   45   11   30   35   21   12   43   28   42   39   31   5   25   13   40   23   41   14   32   1   13   22   30   35   35   44   1   11   16   5   15   48   42   42   17   27   24   10   48   25   7   11   30   30   46   23   16   35   34   43   38   23   21   5   37   6   44   17   9   1   49   38   8   14   32   12   
1   38   32   34   18   4   30   17   38   15   45   35   31   13   25   21   10   10   22   34   37   49   5   8   38   30   17   16   44   32   9   43   8   26   36   45   18   1   4   26   1   27   8   23   25   24   32   37   43   13   34   49   15   14   35   21   3   45   21   19   18   41   50   39   46   20   32   25   48   39   30   24   17   32   33   14   34   36   6   22   17   37   45   19   43   26   3   15   17   2   30   22   23   15   8   25   31   14   6   37   
35   46   8   35   24   14   41   14   21   38   13   43   26   45   33   39   40   28   31   11   37   15   23   45   50   39   14   12   6   37   18   6   34   44   9   29   25   20   19   17   10   50   39   22   6   2   26   8   25   43   28   13   43   30   41   30   29   50   29   27   17   18   38   9   9   49   50   13   43   31   29   1   24   28   46   46   16   20   32   18   18   36   4   19   20   9   45   50   3   45   35   1   33   15   48   8   4   17   22   21   
46   27   37   44   2   45   3   11   8   42   15   45   37   5   22   26   42   46   5   48   50   5   2   36   45   29   7   21   13   31   13   29   7   9   39   17   43   19   16   48   20   20   21   11   20   44   42   25   16   20   21   5   42   33   36   23   18   39   3   43   36   35   7   1   34   10   14   48   5   35   40   16   4   27   39   4   38   43   18   18   36   31   28   1   46   46   35   4   24   21   18   23   10   12   35   16   9   9   49   49   
44   22   10   47   8   34   17   4   29   28   48   14   46   1   29   6   36   4   24   37   27   36   49   10   35   27   6   12   26   44   10   27   25   43   43   25   36   20   31   13   49   29   36   46   19   4   37   15   9   10   49   47   37   20   20   22   37   41   24   33   4   36   33   50   11   38   39   33   38   6   15   50   21   48   12   21   1   4   18   29   17   46   24   4   29   25   36   33   30   33   9   49   34   14   50   24   6   29   4   38   
16   50   37   35   18   35   4   1   50   29   47   5   5   31   6   37   35   26   9   3   43   9   16   33   10   31   48   18   28   5   5   44   31   40   26   29   30   21   9   29   37   29   20   4   9   14   47   13   39   13   14   37   26   8   13   43   16   12   31   18   34   16   49   50   26   40   17   33   20   14   38   25   6   33   50   29   29   40   34   35   9   47   2   6   50   35   49   9   18   38   40   14   32   10   33   31   37   14   20   36   
45   18   6   45   47   19   42   44   10   30   23   7   13   14   17   5   32   13   36   32   48   34   18   10   39   16   25   23   41   46   50   34   30   28   5   41   21   50   25   28   39   30   6   29   18   8   24   30   20   44   50   33   4   23   22   48   31   13   28   14   28   24   9   35   26   42   12   33   1   6   31   32   30   29   32   18   38   16   23   24   35   37   12   11   9   34   50   45   37   28   8   47   28   49   8   41   48   10   13   29   
43   28   35   43   4   32   11   4   3   24   47   24   30   21   23   20   38   46   47   13   16   10   4   5   4   39   11   39   6   13   6   29   34   28   37   1   21   6   5   30   40   7   39   3   39   36   39   7   36   32   28   37   15   41   25   33   41   45   28   40   43   11   35   47   28   46   32   20   5   46   10   44   27   47   2   20   20   44   30   39   40   25   12   13   5   19   9   17   32   44   47   48   44   32   15   44   22   29   13   31   
38   21   21   2   26   28   4   47   3   11   40   20   21   46   20   41   33   2   5   23   13   10   48   24   5   22   27   32   33   29   34   9   47   1   43   20   21   14   48   47   17   45   25   44   2   28   46   30   3   6   34   31   40   1   25   21   11   26   24   22   27   43   33   24   27   31   47   42   40   30   23   35   31   1   7   34   32   50   19   26   32   46   6   44   30   42   29   18   19   28   28   26   14   36   2   4   22   2   16   50   
38   17   4   18   21   16   19   48   50   24   43   35   49   32   22   2   37   25   39   38   49   27   48   39   23   6   4   3   50   3   7   2   44   46   18   13   2   8   30   25   5   14   8   24   43   43   13   48   46   36   3   40   33   1   12   11   44   5   35   30   7   18   42   21   4   11   39   6   34   26   45   13   12   15   31   46   32   42   2   37   22   25   49   33   3   18   2   25   47   50   1   3   13   42   5   18   1   50   7   23   
24   39   43   29   24   16   44   41   46   27   38   33   27   32   30   33   2   19   12   30   10   43   11   38   30   40   49   22   28   15   6   16   24   18   46   12   36   50   6   33   37   40   7   35   30   17   5   4   35   11   18   43   47   19   32   41   10   22   40   19   37   29   2   29   7   27   44   46   33   31   30   42   15   13   24   8   32   16   21   22   32   31   11   44   26   5   3   8   47   5   4   49   17   4   46   25   22   17   44   38   
1   34   31   27   30   20   45   30   34   49   33   34   46   35   17   42   30   22   37   28   11   40   35   8   48   45   17   40   13   26   7   14   36   8   38   36   43   41   42   7   43   20   35   32   4   43   46   50   8   2   39   40   32   45   45   16   47   40   36   36   21   41   4   48   5   25   48   13   13   48   25   35   33   7   19   36   32   36   29   39   3   41   21   46   29   12   1   3   42   37   22   50   36   19   1   2   5   7   20   20   
30   27   22   44   23   31   33   12   28   3   48   21   7   6   39   47   25   34   7   11   8   45   34   13   29   40   33   49   46   12   10   35   31   23   27   22   27   28   4   17   39   37   23   8   36   31   46   20   29   47   10   1   3   3   3   15   19   3   46   17   49   21   47   49   47   50   18   49   28   43   1   23   3   14   8   18   1   33   31   7   11   5   50   25   1   3   14   32   49   29   43   47   29   30   12   11   26   48   27   28   
50   26   25   6   44   27   45   19   30   25   29   6   27   39   31   34   18   32   16   37   13   39   8   36   42   22   48   16   20   4   23   34   39   20   24   18   32   19   47   17   22   15   49   20   9   48   18   12   33   18   11   28   38   28   23   7   39   33   11   15   38   27   31   44   12   49   10   41   20   43   22   21   9   36   11   50   33   10   14   40   10   36   26   10   18   34   17   6   48   15   4   19   37   5   21   8   42   28   47   1   
11   19   44   33   18   6   36   24   36   10   6   17   26   24   4   29   39   10   42   10   5   36   40   5   2   2   21   41   49   31   4   45   7   50   9   26   34   26   34   45   22   47   12   17   25   30   27   23   7   30   48   39   10   38   36   40   31   6   17   18   23   37   13   42   20   47   26   33   7   2   41   48   31   34   11   35   4   23   12   15   7   12   29   46   19   25   11   2   2   50   17   15   46   37   20   48   9   11   20   22   
26   43   30   31   18   25   40   28   43   49   44   26   34   18   26   26   49   7   48   47   17   29   50   35   5   9   20   47   19   35   38   13   34   12   3   47   31   41   36   49   15   34   42   23   34   26   22   46   48   3   15   34   35   19   41   5   27   19   36   42   47   13   34   38   7   14   47   33   31   24   23   10   13   41   1   27   24   29   31   5   17   16   12   36   7   32   3   36   48   22   49   9   10   26   30   33   33   28   34   33   
30   18   22   24   33   47   5   9   27   28   7   5   6   28   2   14   9   33   23   18   4   27   31   40   44   5   43   3   26   41   41   39   31   36   25   1   12   20   35   37   12   17   33   41   36   1   18   5   25   43   17   26   18   38   43   12   5   45   29   14   48   24   6   16   19   19   15   31   24   46   18   1   1   38   18   20   24   50   18   5   29   24   3   17   36   9   16   32   45   32   49   14   29   13   29   45   48   3   25   47   
32   28   17   18   46   31   26   10   6   41   48   36   48   18   38   8   21   12   47   49   45   18   45   13   7   32   9   45   3   37   31   17   8   7   44   26   45   2   45   25   18   20   46   13   33   50   38   47   11   38   46   33   36   3   48   45   27   35   37   45   16   41   34   4   47   3   22   16   33   41   9   28   35   9   7   35   48   44   45   19   32   6   13   7   28   46   7   22   21   19   16   11   3   9   6   17   42   43   9   40   
47   42   48   23   40   41   37   27   34   12   29   29   37   16   10   1   42   18   15   10   17   24   48   29   34   23   14   18   34   27   11   14   42   28   19   34   48   30   17   7   1   34   20   16   47   2   2   45   39   41   5   44   50   18   9   21   18   45   40   28   43   10   40   46   31   25   24   17   9   45   30   3   37   23   31   38   48   5   48   23   35   12   28   5   39   36   38   4   2   11   2   35   46   7   44   10   6   16   32   5   
