11   15   12   47   21   46   16   36   35   26   29   6   44   12   21   49   41   31   19   24   50   16   22   16   43   10   20   33   50   8   3   4   27   2   32   34   39   42   34   7   31   11   37   42   26   42   16   3   13   31   47   49   16   17   25   22   30   10   25   19   46   31   26   48   40   45   3   12   4   1   16   39   28   15   31   11   2   15   43   27   16   41   34   50   23   47   22   21   26   37   2   18   7   49   14   35   16   8   3   49   
43   9   4   47   1   7   19   32   6   6   13   17   37   30   2   28   46   28   3   22   14   30   23   47   35   47   22   22   48   7   10   36   18   40   32   1   22   5   42   46   32   16   1   35   41   29   35   44   17   15   39   10   26   4   6   42   4   10   30   49   18   11   26   35   16   18   6   25   16   32   18   2   44   32   43   47   6   7   35   19   22   22   47   44   15   40   2   40   2   12   38   24   35   18   23   41   31   12   33   47   
16   24   10   12   45   20   49   46   31   26   27   20   21   42   16   48   17   12   32   7   19   35   21   43   39   42   14   33   49   10   31   6   34   39   28   48   11   4   11   26   17   46   30   48   7   12   44   41   4   5   32   1   34   16   2   3   49   43   2   34   2   38   43   9   47   18   22   35   4   49   12   43   30   15   18   15   41   26   25   7   14   5   7   17   26   28   32   24   42   16   15   32   4   24   26   19   29   34   7   6   
20   49   18   45   9   16   30   30   11   34   11   38   14   8   20   12   49   33   46   30   6   15   28   28   49   10   27   45   19   6   13   3   26   36   16   47   35   29   38   47   21   10   33   8   7   13   25   13   41   47   11   19   49   17   49   29   27   26   2   17   45   36   18   20   50   23   3   21   13   19   48   29   49   35   35   26   3   4   15   24   2   3   3   40   28   17   29   39   11   40   47   43   12   13   32   41   3   44   16   41   
1   16   49   49   47   39   45   35   11   45   40   31   4   23   7   32   47   3   12   23   12   33   23   15   39   9   21   11   4   21   36   17   20   12   13   44   41   26   6   10   36   49   9   25   34   32   39   36   43   36   22   37   49   5   15   42   16   27   38   43   13   8   23   33   34   24   36   42   43   14   38   13   1   6   16   33   23   39   44   21   23   47   38   35   18   36   17   17   25   35   15   31   27   20   7   33   38   37   38   39   
4   28   5   28   30   36   19   43   27   31   5   49   25   34   40   36   45   31   32   28   38   6   6   48   36   21   40   18   5   36   34   44   42   49   16   25   43   15   49   23   41   35   50   6   27   33   11   42   28   34   33   20   26   28   25   31   35   45   37   6   27   40   15   1   35   12   18   22   20   27   48   17   8   16   41   38   4   1   44   27   23   3   44   37   47   43   12   19   21   1   26   35   24   4   42   16   9   14   10   44   
6   29   31   47   14   20   9   20   4   19   6   4   8   2   43   2   16   28   4   3   29   42   2   33   45   29   22   10   37   28   32   18   37   44   5   12   26   34   3   8   46   30   47   5   7   13   49   42   9   49   45   50   50   42   3   38   12   20   6   10   39   27   26   9   5   7   31   4   8   18   14   50   16   44   47   4   45   36   34   50   17   21   39   49   1   4   49   46   24   31   25   47   6   47   40   28   31   10   47   10   
8   49   43   35   9   27   37   40   36   17   27   11   7   34   38   26   36   23   47   50   4   18   26   46   10   6   36   39   5   27   28   43   29   49   47   44   10   1   16   44   26   38   46   7   27   17   1   36   10   43   26   48   25   4   36   47   10   31   48   8   7   7   2   36   34   47   50   36   44   45   1   35   32   31   30   41   30   24   50   34   6   45   9   36   25   46   14   23   36   45   26   45   49   33   33   36   34   34   6   37   
45   47   49   18   13   8   27   4   7   9   26   14   40   9   20   43   3   44   9   15   34   28   38   32   19   42   34   24   18   1   45   37   17   21   43   43   38   8   44   34   32   33   1   3   47   18   29   25   38   26   42   34   17   19   16   41   26   5   30   15   25   13   6   43   11   37   16   33   23   33   24   31   21   31   10   21   48   34   12   9   3   2   32   7   36   20   43   1   19   37   23   4   9   2   8   45   2   35   36   44   
20   47   37   45   36   22   44   3   8   20   35   17   15   38   16   42   32   17   6   33   18   13   1   42   35   42   50   12   30   11   25   2   30   10   5   25   41   2   27   11   18   46   45   37   16   2   29   48   4   37   29   29   16   15   23   16   18   11   38   40   3   31   13   32   41   24   27   48   18   32   46   22   32   30   21   42   18   13   31   36   20   33   20   30   14   6   10   40   29   10   38   46   9   26   25   9   20   48   9   6   
14   47   33   4   49   2   49   13   30   31   35   32   16   29   37   29   50   24   19   8   12   28   16   31   12   41   6   6   15   5   19   2   1   6   8   17   24   22   29   40   18   30   45   11   36   37   4   8   49   46   43   40   44   13   37   9   25   18   36   19   45   1   46   2   50   46   23   37   50   41   48   4   6   6   5   22   17   24   5   27   23   41   8   16   49   35   37   31   6   43   21   37   3   2   21   3   6   41   34   10   
15   40   15   14   26   8   27   38   5   22   10   37   27   35   19   3   36   5   31   38   50   43   22   21   14   38   29   26   19   8   38   48   49   41   30   18   34   17   42   39   43   1   22   33   4   19   36   19   18   48   24   9   47   27   24   9   8   22   20   29   20   49   31   47   33   33   43   3   44   31   3   39   39   20   29   11   36   25   1   50   40   1   27   10   14   46   40   9   47   32   29   41   31   50   39   4   3   30   27   42   
40   21   27   21   35   33   37   11   6   48   46   9   7   9   12   46   20   30   29   27   13   36   24   47   17   25   9   38   21   27   3   38   37   16   39   17   1   38   36   8   7   48   35   19   39   29   8   18   9   35   6   49   5   14   34   22   21   9   4   7   31   32   36   45   18   36   13   4   35   12   34   35   50   18   39   47   22   38   43   2   48   7   35   26   24   37   31   37   4   31   15   17   50   7   27   21   46   20   14   36   
25   22   10   21   11   2   20   10   31   17   47   22   23   14   46   33   7   49   43   32   8   25   10   37   41   7   14   49   25   15   11   28   32   48   24   49   21   27   41   34   27   18   34   5   32   14   48   43   50   20   19   37   33   25   14   37   35   4   26   2   27   24   40   28   19   20   24   38   22   46   2   49   11   5   48   27   42   9   29   30   15   31   38   8   3   41   33   33   43   33   50   38   27   3   27   9   44   4   18   6   
37   23   6   17   42   32   16   16   31   48   33   43   42   34   18   35   22   7   10   5   46   16   20   27   37   16   22   28   11   20   11   25   31   49   49   21   15   8   35   42   28   30   35   44   25   9   7   40   24   49   11   24   45   29   5   50   27   8   13   9   9   26   25   37   9   26   18   39   28   32   23   15   38   31   7   40   19   2   5   7   18   38   19   3   35   33   40   13   41   49   3   3   35   34   7   28   18   46   44   37   
1   33   13   23   15   45   20   37   19   18   29   32   11   46   19   14   5   39   18   19   6   4   33   26   34   45   49   36   37   39   24   21   24   29   34   49   2   6   15   30   43   38   21   47   21   2   40   8   26   3   30   47   36   5   12   1   38   17   13   12   1   18   43   28   27   47   18   27   20   49   16   9   8   11   36   38   16   40   36   41   12   34   42   27   2   48   43   31   23   4   7   50   7   26   46   35   18   22   27   32   
27   31   46   12   40   50   44   14   1   3   17   3   16   8   38   3   17   45   27   20   17   7   34   13   33   15   7   43   33   42   29   30   30   6   30   17   4   34   26   50   29   13   45   32   41   20   40   45   1   30   42   38   25   27   40   5   29   20   44   4   9   17   27   17   33   3   8   20   39   14   17   12   15   34   24   48   11   4   3   10   25   35   28   44   40   14   47   5   4   46   1   22   37   44   42   8   47   47   32   33   
9   42   37   21   23   8   16   11   3   35   21   47   41   46   1   4   31   17   1   11   9   28   31   46   26   45   22   17   40   14   37   7   35   23   48   3   4   26   4   50   23   36   44   26   19   17   33   21   3   48   5   6   12   13   12   5   25   35   2   43   20   14   7   39   46   29   8   48   39   48   33   36   11   35   46   10   36   2   24   12   20   29   22   49   13   47   26   6   44   27   37   25   19   25   34   37   9   2   44   37   
35   26   29   26   17   9   16   7   14   34   28   15   39   49   5   3   21   12   22   22   28   32   38   15   13   17   1   17   44   4   25   12   21   41   29   13   50   41   42   48   11   9   43   5   17   25   14   19   47   23   37   13   19   6   44   41   44   42   14   15   32   15   6   10   26   27   33   46   7   43   5   2   9   15   19   37   8   2   6   50   3   22   18   29   20   49   11   45   22   23   33   20   41   22   27   7   30   43   15   6   
47   34   3   12   36   38   49   43   34   39   20   16   48   45   16   42   25   22   24   5   40   9   8   12   48   36   6   41   47   11   10   5   35   44   9   13   18   38   46   47   9   1   6   24   49   18   5   24   1   15   32   1   46   26   1   24   22   17   29   24   18   26   14   31   43   7   30   12   5   39   5   1   27   27   28   39   16   15   11   10   49   14   44   35   24   13   15   35   48   46   13   23   29   23   46   7   4   26   42   10   
