18   19   30   24   13   21   19   30   7   1   39   46   49   24   29   16   18   14   28   30   27   44   7   17   28   21   19   26   50   2   49   8   49   6   7   7   33   4   28   36   31   29   42   34   30   43   46   31   19   9   8   27   17   32   24   36   32   21   50   11   31   24   13   7   32   50   10   16   10   17   18   29   45   7   3   31   28   26   47   24   22   5   30   28   50   9   18   28   28   45   9   15   2   6   40   6   20   15   49   49   
9   31   39   15   27   29   12   1   26   7   21   33   15   43   16   37   26   10   48   26   45   39   32   21   17   17   23   32   3   18   13   39   8   15   24   6   15   35   47   21   49   3   13   2   25   38   9   29   49   35   49   45   25   6   25   48   29   30   28   36   23   32   3   18   35   20   32   45   49   39   22   10   37   17   31   24   8   46   14   33   4   44   9   2   35   49   30   50   39   33   17   7   24   25   27   11   37   16   25   2   
35   44   13   1   49   29   7   32   29   35   38   16   32   15   2   20   48   12   23   29   1   14   4   37   35   45   1   5   11   20   12   44   33   9   28   49   22   16   46   38   10   3   42   8   1   38   17   21   30   10   1   23   1   17   35   17   31   50   28   13   1   39   14   18   1   44   35   15   26   11   16   45   2   37   21   9   42   49   22   28   43   27   17   19   16   7   1   20   15   19   13   47   4   32   29   45   12   44   4   47   
29   23   36   1   34   13   41   34   27   11   47   27   49   17   32   14   45   27   16   27   3   21   25   33   24   39   15   15   38   4   17   13   47   21   9   22   41   24   45   50   33   30   27   48   43   44   14   45   16   44   19   19   39   34   45   9   40   17   24   14   21   42   6   6   2   14   4   6   7   17   48   29   32   8   39   2   18   43   39   27   18   6   24   22   24   46   34   31   41   1   24   37   17   42   12   45   21   41   17   16   
22   45   22   5   26   22   27   10   11   1   17   12   14   50   12   8   37   46   46   40   45   22   20   18   27   12   49   8   20   16   21   42   42   6   48   20   6   18   38   3   1   43   28   29   15   36   34   2   3   34   21   21   45   6   2   28   21   42   47   36   20   9   36   9   4   31   46   35   15   34   25   43   33   43   42   47   1   17   33   42   12   36   45   44   6   41   34   27   1   39   24   45   9   28   46   2   26   46   37   47   
23   49   16   31   22   2   44   45   9   23   19   42   42   38   33   35   44   8   48   40   14   35   19   44   34   33   18   34   48   22   34   9   50   26   8   17   29   29   4   16   47   31   23   2   3   11   9   25   29   41   22   27   33   38   48   19   29   22   38   49   12   44   14   17   12   40   25   50   46   47   43   2   18   40   39   25   28   10   46   39   39   41   37   49   37   50   43   18   7   45   3   50   47   6   19   41   16   1   23   38   
2   15   20   30   47   26   36   32   3   32   47   10   19   24   22   30   45   29   6   42   9   45   12   42   17   33   23   31   20   9   13   28   2   1   50   27   6   41   43   37   11   8   49   11   32   28   13   32   33   9   29   15   7   19   23   25   30   49   31   34   29   35   1   34   42   47   14   8   5   16   13   22   43   32   48   45   3   40   20   28   28   28   1   1   38   22   2   27   7   13   3   14   18   36   46   30   22   49   3   50   
1   9   9   26   48   28   11   36   39   23   15   34   32   6   18   47   4   39   34   24   11   15   26   43   27   44   32   15   49   25   16   42   16   30   6   17   19   18   40   14   17   31   43   10   41   28   28   20   31   32   11   26   3   24   29   12   23   2   35   16   11   21   16   50   29   24   31   12   19   9   10   31   12   28   20   43   39   16   3   24   19   7   41   29   30   33   12   31   46   6   48   27   5   45   36   41   3   17   46   40   
34   30   28   33   4   40   9   16   40   38   27   7   43   7   6   40   3   20   26   25   36   25   14   38   12   28   17   50   19   42   3   39   17   17   45   44   20   49   18   12   32   23   42   21   9   47   22   11   20   16   22   33   34   41   49   33   35   40   32   49   18   32   23   36   46   41   32   29   8   49   8   3   28   24   29   4   27   36   43   10   13   1   38   37   42   16   30   14   41   31   3   15   33   29   43   4   8   34   38   49   
20   19   15   34   20   44   19   32   47   1   42   27   36   47   26   22   39   8   32   42   15   24   28   37   23   40   21   16   34   27   7   6   36   17   30   19   30   47   21   25   32   18   13   28   35   13   28   28   33   20   49   42   1   31   23   16   21   6   4   43   7   2   22   32   48   36   41   9   24   14   4   44   10   6   26   4   23   46   35   44   31   12   5   33   1   20   5   4   7   1   31   10   15   18   46   18   15   7   48   12   
42   22   43   50   34   1   48   36   5   17   46   30   40   15   43   40   19   41   25   19   38   4   20   35   20   4   21   40   41   36   49   22   11   40   3   37   15   45   42   18   43   30   2   17   29   6   43   20   17   30   32   17   2   20   3   36   6   40   40   36   13   38   46   41   39   24   26   45   40   11   26   12   38   35   32   3   37   35   39   46   34   22   40   48   2   14   2   14   40   44   42   48   36   8   24   49   40   29   45   44   
17   26   16   47   19   38   3   20   46   8   43   16   29   27   35   35   1   31   21   48   5   5   26   41   13   48   8   1   18   7   46   42   32   32   4   11   29   6   44   49   18   1   37   29   46   10   6   40   19   29   13   33   9   16   9   7   27   22   15   23   49   1   48   35   3   33   10   38   28   43   41   43   48   17   12   29   1   16   16   1   42   41   17   15   43   11   41   40   13   9   1   50   11   6   30   23   30   45   1   50   
25   32   2   46   7   32   10   19   5   2   4   17   32   26   14   4   40   25   35   12   32   26   49   11   13   26   9   21   31   5   1   46   18   4   19   40   1   9   49   6   11   47   40   26   28   20   38   35   7   15   13   10   41   21   5   40   34   13   44   48   6   38   29   19   39   41   5   11   41   13   28   39   35   39   15   20   49   48   36   5   45   24   38   25   5   8   44   8   43   44   15   49   48   19   25   16   31   35   23   2   
30   35   34   20   12   47   31   7   40   20   8   25   27   7   13   45   20   4   29   17   43   44   45   14   37   20   14   32   31   6   37   6   29   47   38   19   15   14   11   24   25   20   25   37   48   43   15   45   45   38   19   44   31   43   49   43   5   17   47   14   15   25   50   35   36   42   44   3   43   24   10   6   19   10   44   24   19   5   49   11   2   30   40   8   20   43   21   29   13   49   26   35   24   22   18   48   42   13   44   12   
20   10   9   1   40   41   28   40   18   24   1   40   37   50   34   25   21   11   41   48   32   28   41   16   21   21   2   50   47   31   7   7   23   44   50   11   6   19   47   8   32   48   35   16   35   48   48   22   20   9   31   1   26   23   39   46   16   26   11   17   3   24   2   28   12   18   7   3   3   29   43   4   47   37   18   49   7   13   43   36   37   15   19   6   37   29   24   27   26   3   44   3   47   38   11   22   48   18   32   6   
18   15   37   36   40   3   45   39   26   19   6   1   39   31   49   17   4   16   36   29   1   31   21   26   35   11   16   8   29   20   15   27   46   8   7   26   49   50   21   3   28   5   23   18   12   21   20   14   8   7   48   18   9   23   29   41   28   46   35   15   38   32   45   25   6   19   12   26   29   6   12   28   44   35   37   20   11   27   19   37   34   45   32   42   14   36   8   37   25   46   32   35   35   35   40   4   25   49   35   40   
15   48   47   47   50   18   8   13   7   39   26   24   5   25   21   23   48   36   41   43   11   15   45   7   31   27   17   46   14   5   9   2   46   19   49   37   4   6   23   50   4   39   50   24   13   32   46   30   48   20   29   49   21   11   15   42   49   5   45   37   11   8   31   24   5   34   31   35   15   18   24   23   49   5   31   11   23   45   22   31   28   43   16   39   50   5   1   17   21   30   7   8   34   11   45   44   28   43   26   34   
25   7   40   16   3   8   12   50   34   50   50   30   23   21   29   22   31   15   18   40   48   46   21   21   27   13   5   33   9   21   14   44   47   47   18   49   37   11   50   25   31   26   20   23   6   12   36   28   47   18   50   30   24   4   41   7   42   49   21   15   2   50   34   20   30   41   37   5   4   17   18   14   4   2   7   33   8   19   2   8   10   23   20   42   7   10   2   41   42   28   37   23   38   12   5   6   45   39   16   23   
26   48   2   9   45   41   10   43   24   47   28   22   1   3   12   14   47   2   27   35   45   30   16   37   50   32   31   4   44   11   32   30   35   35   5   14   50   24   28   29   50   42   43   1   47   6   49   18   30   33   50   1   45   23   45   6   42   16   47   40   40   1   37   45   39   1   35   8   21   24   41   35   33   27   20   9   13   20   11   7   30   47   33   9   13   32   50   9   35   4   50   45   46   2   7   42   9   49   17   47   
46   31   4   19   5   44   19   28   40   39   10   21   47   44   38   41   24   38   30   11   37   33   16   17   29   43   21   31   17   27   6   30   29   36   24   38   26   21   13   7   41   6   41   43   1   12   28   35   12   14   4   40   35   6   24   22   31   42   49   29   22   40   5   45   50   46   2   43   47   31   3   49   34   17   36   31   25   1   6   35   15   27   41   7   43   27   16   46   8   14   2   8   41   12   24   28   4   23   10   33   
