5   39   49   1   32   21   45   22   30   38   17   3   18   4   36   3   50   35   18   50   28   10   38   18   11   46   36   41   5   29   13   23   14   41   23   4   15   23   31   34   41   5   41   41   39   2   24   29   20   24   30   8   22   12   18   29   31   13   14   6   43   30   17   10   48   7   4   45   29   10   45   33   34   26   50   39   9   19   13   37   2   8   8   4   41   23   1   26   21   15   49   46   42   17   23   10   21   13   2   2   
14   27   36   28   32   39   29   10   45   20   48   15   34   13   18   8   16   7   14   14   13   47   18   37   37   12   3   18   4   5   13   34   24   48   13   25   25   30   45   22   9   27   2   9   27   2   32   43   22   18   27   7   24   17   12   39   34   31   23   13   43   8   14   26   3   18   3   22   42   29   10   13   28   10   26   28   4   4   42   6   16   19   8   6   33   10   25   17   22   14   33   16   16   37   1   19   10   14   22   46   
29   34   8   31   48   29   4   4   8   37   31   43   40   27   10   28   7   6   49   16   34   28   35   8   21   43   5   32   16   46   36   30   2   15   2   50   36   19   19   9   47   12   11   26   14   12   14   49   12   36   40   9   46   41   41   11   22   10   46   49   50   10   40   3   6   2   35   41   18   5   4   9   20   9   32   38   32   10   13   11   30   1   37   7   36   26   22   12   41   34   5   31   4   44   3   22   37   30   28   11   
3   47   8   31   23   13   28   30   42   1   21   42   7   42   9   25   18   31   36   41   6   6   21   40   1   50   43   35   3   36   30   13   28   40   36   47   49   30   45   2   38   40   22   42   6   24   15   37   13   20   30   1   47   33   39   32   26   7   49   18   16   48   22   20   23   21   19   10   24   48   20   11   38   11   12   30   7   29   40   46   50   50   14   24   19   13   4   29   49   33   16   10   45   15   41   32   48   2   16   34   
46   7   43   34   15   41   42   19   11   13   12   4   37   27   38   14   8   31   16   44   50   20   33   7   47   10   37   28   25   17   25   16   36   11   17   25   17   19   5   45   28   13   38   23   3   23   23   17   9   24   5   35   29   49   10   48   2   16   2   21   27   46   27   38   18   45   7   35   38   17   9   13   30   4   14   3   13   17   45   31   45   42   47   9   43   7   35   29   6   21   2   37   26   21   1   5   35   17   10   20   
4   46   1   16   33   35   43   23   28   39   35   15   39   49   21   33   15   4   1   17   40   23   34   32   27   24   27   1   8   22   5   47   21   35   13   50   12   32   46   32   15   48   33   32   1   35   46   19   9   5   22   48   11   8   48   30   1   4   5   45   12   39   25   12   17   25   43   38   12   1   9   15   25   11   18   32   50   20   28   23   18   24   9   6   23   16   32   34   34   19   48   32   34   20   24   18   27   2   45   24   
40   39   16   48   10   18   12   33   10   17   29   42   48   47   5   28   3   23   32   50   20   40   22   6   30   50   27   32   40   46   7   27   29   17   38   4   14   29   9   6   43   48   19   39   8   49   35   29   23   8   42   15   41   24   21   44   10   31   48   39   19   28   29   35   26   1   50   34   33   7   23   10   33   11   1   15   50   3   22   44   24   36   38   23   14   34   31   16   6   43   35   23   15   47   24   28   29   5   5   28   
27   8   21   19   47   45   38   9   5   11   11   48   13   39   34   5   39   28   36   48   46   45   31   22   9   47   1   37   33   16   4   6   45   21   17   36   9   14   33   12   10   30   6   27   40   44   27   7   31   19   49   26   26   27   47   25   25   5   24   42   50   17   33   22   38   26   8   38   28   19   25   45   26   31   20   39   49   26   46   25   21   14   48   34   31   7   42   15   24   8   36   32   42   48   12   27   18   27   8   24   
11   6   26   18   4   28   48   16   28   36   29   49   18   15   10   28   24   12   25   34   22   12   48   24   7   8   16   32   40   44   43   13   13   12   26   41   38   21   30   25   36   32   13   18   36   29   25   43   30   31   43   20   28   11   28   39   38   8   17   44   28   8   23   33   22   43   11   14   34   48   45   42   41   6   47   11   27   40   49   12   9   36   42   49   25   20   24   26   31   43   44   39   17   21   25   33   17   15   43   14   
35   43   12   29   27   8   4   17   43   25   25   19   8   26   12   30   21   20   44   48   34   21   15   44   32   2   50   8   42   19   26   47   29   48   2   44   38   36   21   47   11   25   35   46   29   37   26   42   39   25   36   34   35   35   41   34   16   17   2   37   45   13   17   26   30   40   47   9   15   17   42   13   3   39   28   4   29   1   49   43   24   44   36   46   28   3   16   21   6   45   10   10   40   28   30   30   28   31   24   19   
35   7   13   47   1   45   8   12   17   35   9   29   27   18   3   44   1   15   49   35   5   20   33   39   24   4   16   17   41   1   36   23   42   24   22   30   28   47   17   7   6   33   9   20   10   6   32   6   9   50   7   29   28   42   21   43   38   35   33   1   3   38   7   12   9   48   2   14   10   23   46   17   32   42   29   12   25   47   22   32   46   5   25   5   40   39   9   10   47   15   35   5   1   30   25   29   12   44   7   6   
44   36   25   41   19   16   39   38   40   1   20   45   6   48   18   30   30   47   48   47   26   28   8   17   47   15   37   49   5   43   10   10   23   14   37   9   39   8   48   26   13   10   6   25   1   18   8   17   15   3   3   30   4   13   26   29   10   23   22   34   1   12   31   34   34   40   10   22   31   7   46   23   23   16   26   46   13   17   7   41   31   44   15   38   11   28   47   24   45   26   26   3   11   32   32   4   30   20   6   20   
31   47   48   18   12   31   9   50   17   19   1   3   24   44   42   26   5   50   8   8   16   43   1   35   44   13   29   43   11   33   23   45   35   11   7   47   29   29   41   44   20   11   27   23   33   22   17   12   38   21   48   29   46   3   15   22   43   1   38   29   40   36   32   25   47   19   23   10   27   20   17   7   49   10   33   22   25   17   16   16   22   18   10   41   21   41   41   21   20   5   23   6   50   34   15   5   47   7   26   36   
13   21   45   35   13   18   7   24   22   28   10   36   9   19   31   39   42   40   5   29   25   17   41   22   9   45   4   20   39   20   45   34   23   5   28   2   25   9   26   33   17   30   25   18   26   26   23   5   8   25   25   7   29   28   46   31   44   49   2   49   49   26   3   4   43   26   13   37   21   31   26   21   23   37   48   3   44   12   6   48   16   5   48   24   33   12   21   24   35   43   5   44   44   32   1   21   27   45   9   30   
8   15   11   26   50   36   37   21   28   40   4   48   12   37   35   18   33   5   40   20   13   23   42   1   29   48   30   25   40   14   47   38   37   3   5   5   47   35   22   30   21   20   50   13   8   23   29   24   29   40   8   49   40   47   30   1   29   22   7   11   8   14   15   1   18   23   21   7   42   39   34   6   21   29   34   10   3   36   36   43   10   45   40   31   17   15   5   23   20   48   42   7   23   25   31   2   19   21   47   10   
33   21   32   48   38   36   21   14   21   28   48   15   18   23   30   47   17   46   36   43   5   42   48   28   30   2   31   4   48   46   16   7   4   24   46   42   41   38   39   6   30   20   1   39   19   37   37   13   18   44   36   20   30   29   12   28   21   9   25   48   35   18   15   48   8   8   11   27   27   16   42   21   21   17   26   19   32   36   7   44   32   5   47   13   10   28   26   22   20   50   26   5   4   48   2   39   13   33   50   2   
49   47   13   50   3   11   12   4   26   33   31   33   4   25   47   22   38   18   34   10   20   28   10   12   30   6   1   40   12   19   37   1   8   16   37   45   6   3   38   8   30   46   43   3   10   6   34   9   5   11   2   48   33   25   49   25   14   28   42   3   1   50   32   18   7   46   37   40   13   20   25   13   41   30   30   24   17   44   17   24   28   19   21   1   43   28   10   14   24   39   7   45   37   29   44   9   46   23   4   2   
38   26   14   23   18   40   47   49   49   40   16   41   20   2   32   16   45   42   50   6   7   13   39   7   45   6   22   26   46   29   25   36   36   3   18   14   25   32   33   45   11   43   39   36   7   37   38   24   46   27   16   46   28   1   30   35   6   27   7   25   24   34   11   13   50   28   32   12   22   10   10   16   35   15   42   49   44   15   49   44   43   27   17   1   42   14   29   38   33   26   1   13   24   49   43   13   32   21   1   44   
45   12   39   19   26   39   43   21   30   39   29   36   48   50   17   31   11   37   7   9   7   3   7   39   4   23   7   41   47   31   27   20   2   49   46   24   26   34   42   20   35   7   8   41   18   33   11   44   12   50   34   29   28   24   43   17   9   39   1   46   31   8   49   41   32   22   46   23   15   28   44   24   50   1   7   25   18   5   17   21   17   14   2   23   3   36   25   35   7   26   39   48   50   42   18   26   24   43   39   41   
14   17   30   20   39   8   37   48   46   14   17   43   48   31   5   33   43   3   25   26   42   33   12   6   3   2   32   19   41   23   35   49   44   23   27   1   46   35   29   1   25   2   15   16   4   23   10   14   21   6   16   41   31   48   16   2   26   13   34   49   48   23   1   43   14   31   41   15   44   24   21   5   23   46   43   38   8   20   25   18   29   44   38   34   40   35   12   44   31   19   34   17   45   43   43   35   44   36   3   6   
