27   29   33   19   33   24   33   7   42   11   4   12   12   44   30   15   47   6   31   19   48   7   6   36   16   41   26   16   42   34   31   3   20   31   29   5   36   34   17   29   3   13   23   10   17   33   34   6   16   3   46   2   25   3   2   2   46   50   30   16   45   3   36   5   31   2   43   35   40   21   22   15   13   35   5   13   14   1   27   26   36   44   18   11   38   12   17   4   16   19   45   3   41   22   32   23   39   43   17   29   
18   32   32   46   40   19   4   41   26   1   11   10   11   17   49   7   4   4   28   15   22   7   6   49   35   48   3   13   5   1   18   35   15   45   29   42   39   14   34   41   4   40   24   11   14   11   20   36   29   48   27   41   36   44   25   43   7   1   3   10   17   41   11   26   30   38   48   44   37   32   27   29   19   14   1   14   32   19   11   30   8   12   10   32   48   40   17   20   25   35   6   19   26   20   24   14   49   24   6   24   
20   16   3   26   32   19   20   31   1   19   37   10   9   50   1   47   15   13   5   19   11   12   44   10   14   32   6   15   29   1   26   28   9   35   31   40   21   13   12   36   24   50   27   9   6   42   28   3   27   38   3   4   26   42   50   16   11   3   17   43   19   44   11   45   11   14   50   33   39   1   5   49   26   44   43   11   8   2   46   31   24   3   5   42   8   44   5   38   33   15   2   19   11   18   8   41   16   42   30   14   
9   11   9   9   12   19   50   4   6   14   27   27   3   9   18   35   31   4   11   23   32   2   26   37   50   40   29   24   49   43   17   7   37   15   43   45   15   4   7   15   31   6   17   4   39   22   5   21   34   13   19   36   43   4   10   36   8   34   30   46   8   29   49   3   11   47   9   18   33   5   5   45   4   29   29   7   4   18   23   20   48   28   32   17   36   3   22   26   17   2   18   45   28   27   12   1   41   48   5   20   
33   17   45   6   14   2   14   44   27   48   32   34   35   50   16   31   12   26   15   12   43   45   8   9   36   40   39   2   35   20   34   44   38   9   34   19   30   7   30   6   15   1   28   35   4   42   34   26   21   15   21   3   44   13   18   24   47   50   45   47   24   10   46   28   45   9   39   32   23   42   23   14   20   31   19   31   38   36   24   49   33   3   36   48   42   15   34   6   39   25   45   1   26   4   42   13   47   20   28   37   
38   45   47   30   17   27   11   40   5   18   8   28   8   29   36   2   29   40   32   46   14   50   45   24   8   31   4   32   40   45   18   30   5   33   33   9   29   42   23   1   33   29   22   1   19   14   37   38   27   22   43   48   11   29   38   7   35   4   48   9   48   3   44   31   47   12   42   46   44   46   5   10   41   11   36   28   4   47   4   38   14   25   12   11   43   16   18   8   39   23   20   40   23   38   17   14   11   23   26   21   
3   16   12   6   23   16   40   18   34   40   40   6   18   9   36   36   39   7   26   29   6   5   22   1   33   38   50   39   46   3   26   49   8   4   10   38   44   14   42   9   25   16   13   39   21   28   28   7   33   28   40   22   21   16   42   50   24   13   19   29   24   30   1   50   32   6   30   37   48   20   40   25   16   45   31   13   15   12   32   27   23   21   28   45   23   8   47   21   26   36   10   6   2   41   3   18   4   6   37   48   
31   15   39   42   4   38   40   17   42   44   39   7   27   29   28   15   21   14   35   24   35   50   8   21   29   27   7   40   44   16   37   18   21   35   6   2   16   11   39   21   23   9   7   21   42   6   41   15   17   34   18   12   6   1   36   8   31   1   4   14   30   49   8   20   22   20   8   48   25   11   15   27   5   15   22   23   41   17   12   12   25   34   1   29   24   14   6   13   22   25   28   44   49   2   24   48   38   5   46   19   
47   6   29   33   43   49   30   21   13   6   15   7   41   22   36   38   45   33   40   42   47   20   3   4   16   45   39   7   2   23   22   36   27   34   48   8   45   22   21   39   22   24   28   8   9   47   29   12   20   43   36   28   42   1   46   14   40   9   37   27   1   16   42   16   3   6   26   33   25   1   35   28   42   45   7   22   2   39   22   17   44   45   14   14   20   35   32   49   3   31   14   50   25   39   10   11   38   9   14   11   
19   14   9   32   25   14   23   28   37   22   35   15   8   16   19   24   4   36   34   12   4   12   12   21   25   2   18   16   46   49   6   23   42   3   33   41   24   26   49   12   27   23   13   15   9   33   14   37   31   23   23   35   29   24   40   27   9   34   19   9   10   21   44   8   6   47   22   33   11   50   50   22   44   4   28   11   28   8   33   36   47   33   38   10   47   13   13   46   46   7   13   34   43   4   36   14   46   35   49   1   
20   30   35   23   26   48   39   14   15   50   49   17   21   6   40   22   22   41   39   19   17   2   34   13   40   20   9   46   36   6   49   20   28   45   39   22   22   2   9   23   43   32   1   26   49   13   1   13   32   3   34   17   46   27   49   3   4   26   18   16   18   41   32   46   22   4   31   29   43   17   7   8   36   22   32   11   46   42   42   50   3   44   9   26   20   27   28   35   3   47   7   11   45   18   8   20   9   10   23   49   
50   50   35   37   44   43   36   25   36   21   9   5   36   41   10   4   25   1   9   17   36   35   9   14   6   42   47   1   39   10   14   28   27   38   24   27   29   36   35   23   8   31   38   20   1   9   48   25   50   44   36   12   21   27   39   10   3   28   11   16   29   16   49   30   40   19   19   39   17   26   11   44   43   5   28   12   32   47   32   24   42   18   23   4   6   30   8   12   1   28   43   5   1   31   30   8   36   2   16   10   
8   9   4   15   5   14   38   31   12   50   38   43   27   24   17   25   17   15   23   47   46   47   36   22   30   47   49   36   9   24   48   32   44   3   49   23   1   18   11   33   6   13   8   4   6   16   50   45   31   46   6   33   22   6   36   40   22   32   22   28   47   35   16   33   47   35   50   50   13   12   47   38   49   24   6   38   2   35   20   2   23   12   26   47   39   14   28   7   37   36   32   13   10   11   25   26   19   20   43   43   
5   11   36   25   29   50   16   16   16   42   1   12   30   37   9   27   11   16   26   26   19   35   13   10   27   24   42   16   29   34   41   35   31   12   6   28   35   26   1   13   1   32   46   49   38   4   48   19   38   31   2   10   10   32   36   38   33   10   20   47   2   10   38   50   46   32   41   39   24   44   7   43   2   50   17   33   39   8   13   22   10   40   12   19   45   48   4   13   2   27   28   18   22   38   10   9   46   24   13   29   
33   3   24   14   12   23   7   27   15   35   26   36   21   38   15   9   39   41   16   41   33   30   7   36   19   22   17   13   38   29   50   47   33   45   27   49   8   21   19   28   11   33   22   24   50   26   36   7   19   3   18   31   35   3   16   23   14   41   29   12   37   25   49   6   23   23   1   50   9   43   39   5   16   12   3   13   40   48   23   30   30   45   23   10   41   5   7   12   42   10   17   10   36   15   18   20   24   8   39   43   
3   17   38   37   27   12   4   49   41   41   36   4   12   35   3   7   16   49   20   28   49   9   5   25   9   26   32   17   44   41   24   15   8   13   17   21   49   17   29   28   35   18   26   31   41   44   6   32   40   21   18   16   25   3   15   35   43   35   36   47   9   41   35   4   25   39   6   9   35   12   34   21   5   14   28   9   50   26   29   25   30   34   29   32   21   35   4   23   32   39   15   14   23   13   5   3   20   29   36   19   
20   25   19   24   6   31   43   8   15   2   31   19   1   36   25   7   41   14   40   11   16   7   38   45   45   50   18   27   12   43   12   4   6   29   40   5   17   41   41   49   4   18   25   33   40   49   34   22   18   50   3   13   23   29   4   9   19   21   3   37   47   26   47   24   20   43   5   33   9   2   4   13   17   4   38   24   44   15   13   27   31   9   15   19   16   38   33   19   5   36   9   47   24   14   15   30   44   37   2   43   
27   44   23   32   12   22   32   47   38   31   20   19   49   33   49   16   26   24   21   30   45   26   1   16   32   23   18   35   21   23   25   39   45   33   46   4   43   42   22   37   34   29   18   1   10   46   7   22   35   29   47   48   35   15   26   4   38   21   7   22   31   16   24   4   18   16   24   43   40   38   15   36   38   14   15   36   32   19   23   23   2   43   17   33   50   45   50   8   50   45   35   20   44   27   21   1   32   8   45   40   
14   16   34   35   2   3   17   49   17   39   15   9   15   14   9   45   29   21   36   15   1   4   24   15   3   15   34   16   12   16   36   17   48   11   11   41   35   26   35   12   33   13   26   36   26   37   32   28   10   7   48   16   4   42   47   45   29   32   26   24   33   25   35   43   22   13   4   28   24   15   28   26   3   6   5   29   48   6   31   18   16   29   12   36   22   17   15   13   46   44   21   28   28   40   15   48   8   28   16   27   
12   9   49   31   28   4   48   16   4   30   17   26   23   25   39   19   28   20   20   17   12   45   3   29   42   16   26   28   42   43   43   41   43   12   5   42   50   48   11   46   32   2   45   31   27   12   32   50   28   32   9   16   14   16   1   49   14   8   12   42   44   21   20   46   26   15   40   6   33   45   23   40   49   46   26   9   7   24   31   11   42   23   5   1   20   50   50   3   3   13   38   25   5   43   1   37   42   11   28   17   
